2.000000000000000000e+00,-2.658339356152274457e-01,2.187171511587104600e-01
2.000000000000000000e+00,-1.252180751827886018e-01,4.561083372629793353e-01
1.000000000000000000e+00,8.265034349746330777e-01,6.747068794834137906e-01
2.000000000000000000e+00,-3.980559378426763439e-01,9.213949749657039667e-02
2.000000000000000000e+00,-5.390041722380667366e-01,-1.922594769815170745e-01
1.000000000000000000e+00,7.328997059711424011e-01,-7.078686589211061753e-01
2.000000000000000000e+00,-3.702708211316726450e-01,-7.226158421639455876e-02
2.000000000000000000e+00,-2.577457878786006962e-01,3.891091051107039012e-01
1.000000000000000000e+00,-4.850305064941624611e-01,7.560466498036895189e-01
1.000000000000000000e+00,-2.908055987641719464e-01,-9.141277989005257565e-01
2.000000000000000000e+00,3.764317624039161814e-01,-2.723232993129205415e-01
1.000000000000000000e+00,7.634637440232131533e-01,5.895331681949788072e-01
2.000000000000000000e+00,3.764212315585754171e-02,3.571410371396922523e-01
2.000000000000000000e+00,-3.497186241255051398e-01,-6.329149197892944834e-01
1.000000000000000000e+00,6.671222599650936669e-01,6.363241524635214752e-01
1.000000000000000000e+00,-1.109561164041703352e+00,4.709216165529725440e-02
2.000000000000000000e+00,8.055219754834228030e-02,-3.212267986069032299e-01
1.000000000000000000e+00,-9.383026853472926643e-01,-5.610801653575544501e-01
2.000000000000000000e+00,-4.969263003580020599e-01,-2.001937231321707089e-01
2.000000000000000000e+00,4.687882864082251189e-01,2.595411414994471810e-01
2.000000000000000000e+00,2.491482348754008036e-02,5.796113630805098671e-01
1.000000000000000000e+00,-1.711919915240342205e-01,-7.882103566448611653e-01
1.000000000000000000e+00,4.263778513256165636e-01,-9.101414969888077522e-01
1.000000000000000000e+00,7.473899493374006608e-01,-7.049868697035297505e-01
2.000000000000000000e+00,-4.320441980474796773e-01,-9.902898764893117156e-02
1.000000000000000000e+00,1.436504161225176379e-01,-1.063075423883557136e+00
2.000000000000000000e+00,-1.064674504033089747e-01,4.717662444345332995e-01
2.000000000000000000e+00,5.074785111643086433e-01,-2.449739531025422745e-01
2.000000000000000000e+00,-3.862554467332281471e-01,-2.307041860159330382e-01
2.000000000000000000e+00,3.946291747750777512e-01,-1.449608147291348015e-01
1.000000000000000000e+00,-7.586970970379007806e-01,-6.155054304345968230e-01
1.000000000000000000e+00,-7.038455908191660892e-01,3.638988375186138491e-01
1.000000000000000000e+00,8.487818701882033912e-01,2.942684691686445753e-01
1.000000000000000000e+00,3.411559889874926643e-01,-8.737150042111546666e-01
2.000000000000000000e+00,-6.383712820087779072e-01,1.306711430024607989e-01
2.000000000000000000e+00,5.156506537965375170e-01,2.321810362002757824e-02
2.000000000000000000e+00,1.719164106633946087e-01,4.193096166420066662e-01
2.000000000000000000e+00,-2.823065584292520913e-02,4.374574631003607106e-01
2.000000000000000000e+00,4.452752674477574168e-01,2.066717776154259126e-02
1.000000000000000000e+00,8.625293575516144173e-01,2.860315009887586246e-01
2.000000000000000000e+00,-3.487979751756152824e-01,-1.651595808351953854e-01
1.000000000000000000e+00,-7.902953676322898025e-01,-4.857007457403189621e-01
1.000000000000000000e+00,-1.032326863683854068e+00,-2.884170685977343607e-01
1.000000000000000000e+00,1.327949708037163001e-01,9.594932450228155218e-01
1.000000000000000000e+00,-7.000319032635701211e-01,5.755444448443968186e-01
1.000000000000000000e+00,1.010944916717724462e+00,-3.366733199812461663e-01
2.000000000000000000e+00,-5.291923060401267920e-01,-3.689600223727149686e-01
1.000000000000000000e+00,-8.436052725941368680e-01,3.870563822036211521e-01
1.000000000000000000e+00,9.715148138641451769e-01,2.570989552299620673e-01
1.000000000000000000e+00,-2.398631192679284707e-01,1.020531430660754246e+00
1.000000000000000000e+00,-1.069052597095862867e+00,-5.465855220718981999e-02
2.000000000000000000e+00,-5.964471797554398158e-01,3.019147749615783138e-01
2.000000000000000000e+00,1.664708580638130098e-01,3.598929691369832096e-01
1.000000000000000000e+00,-3.285512244603166487e-01,-9.684192964246127744e-01
1.000000000000000000e+00,-9.773214379104904204e-01,6.400256399576933486e-01
2.000000000000000000e+00,-1.413686908426310396e-01,-4.520893670897840888e-01
2.000000000000000000e+00,3.333956965408585993e-01,3.520135695912226526e-01
1.000000000000000000e+00,5.032006696838747795e-01,6.089443035885497846e-01
2.000000000000000000e+00,5.874379594879892696e-01,-2.715645578703626550e-01
2.000000000000000000e+00,4.308164924185369227e-01,2.357127926339200319e-02
1.000000000000000000e+00,8.330676350607584268e-01,-6.327581741817472905e-01
1.000000000000000000e+00,7.750791539556560750e-01,-1.462404681827927933e-03
1.000000000000000000e+00,-8.873607457671106591e-01,5.837709452732955384e-01
2.000000000000000000e+00,4.094547639875944500e-01,9.121806952343658459e-03
2.000000000000000000e+00,4.331428660767016048e-01,-2.330082426986916089e-01
2.000000000000000000e+00,-6.040867516641246215e-01,1.420523558328699865e-01
2.000000000000000000e+00,-1.439078293290576294e-01,-3.222289032765098260e-01
1.000000000000000000e+00,-1.255992754934719957e-01,-1.046129440274350397e+00
1.000000000000000000e+00,8.995222761272524403e-01,6.371432432052394068e-01
1.000000000000000000e+00,-3.621670173896470724e-01,1.050971125752161006e+00
2.000000000000000000e+00,4.940640773358010995e-01,1.826403115577567293e-01
2.000000000000000000e+00,-5.360022535835264890e-01,-2.566102799740004742e-02
2.000000000000000000e+00,8.223696060900426152e-02,-2.866004582711911275e-01
1.000000000000000000e+00,4.139628870522158444e-01,8.368092320663343964e-01
1.000000000000000000e+00,1.035221469331822464e+00,-2.947618659037106736e-01
2.000000000000000000e+00,-2.064673614214815878e-01,-6.293079170612496664e-01
1.000000000000000000e+00,9.031973515237029515e-02,9.838233396602188430e-01
1.000000000000000000e+00,-6.179692708292192638e-01,-6.887555374265696972e-01
2.000000000000000000e+00,-1.857240951568800147e-01,4.215683911950116602e-01
1.000000000000000000e+00,7.705290134568197891e-01,-5.783500933607659267e-01
1.000000000000000000e+00,2.241337249815975596e-01,-1.002267622112151146e+00
2.000000000000000000e+00,4.506100886117356819e-01,1.926377939087826063e-01
2.000000000000000000e+00,-4.056517909052287374e-02,-5.803126630695435439e-01
2.000000000000000000e+00,-4.204042443473123836e-01,1.332260812929110805e-01
2.000000000000000000e+00,-5.434176559993387778e-01,-2.902427297991342914e-01
1.000000000000000000e+00,-1.014889531715239990e+00,1.837966960006218176e-01
2.000000000000000000e+00,-4.981521576658765604e-01,3.533395771835147747e-01
2.000000000000000000e+00,-4.252811665795367957e-01,-1.188944955203733445e-01
2.000000000000000000e+00,-7.718319944721380166e-02,-5.939163221669085946e-01
2.000000000000000000e+00,-7.040705638216059326e-01,-1.802448846149194150e-01
2.000000000000000000e+00,1.888952553669336620e-01,-2.971801067837530064e-01
1.000000000000000000e+00,-3.373209103889872607e-01,1.129117646416645471e+00
2.000000000000000000e+00,3.006087331576519639e-01,-5.062701561793891969e-01
2.000000000000000000e+00,-1.001790208675248373e-01,3.776056239047237417e-01
2.000000000000000000e+00,4.541541663954930530e-01,1.380337214770683066e-02
2.000000000000000000e+00,4.357188306795720112e-01,1.801037088965280197e-01
1.000000000000000000e+00,-4.054438853469742865e-01,-8.512381335318971454e-01
1.000000000000000000e+00,-7.138383821393337048e-01,6.267340953956316296e-01
2.000000000000000000e+00,2.709130951178800872e-01,4.126363649438352654e-01
1.000000000000000000e+00,6.637392674279096738e-01,6.324281746985774832e-01
2.000000000000000000e+00,1.655247152410176947e-01,-4.050337402204505222e-01
2.000000000000000000e+00,-2.979655814007949877e-01,-3.709768720578679457e-01
1.000000000000000000e+00,6.056725098897295378e-01,-8.439508365933885425e-01
2.000000000000000000e+00,4.118968322857752828e-01,4.192531197680207655e-01
1.000000000000000000e+00,-9.875642482307603887e-01,1.828615635459249211e-01
2.000000000000000000e+00,-5.173117789828921564e-01,-8.132387306950256134e-02
2.000000000000000000e+00,-3.613386568688258804e-01,-4.843735458856976983e-01
2.000000000000000000e+00,-3.065211326477993437e-01,2.722600516457391873e-01
2.000000000000000000e+00,5.223164664292951898e-01,-2.658226950669529409e-01
2.000000000000000000e+00,-4.518232306562913192e-01,2.527519991659958332e-01
2.000000000000000000e+00,5.573294650415452356e-01,-7.367796750529415073e-02
2.000000000000000000e+00,4.441978753277285308e-01,2.720801675504171957e-01
1.000000000000000000e+00,1.757073264249928157e-02,1.021015298268195037e+00
1.000000000000000000e+00,-1.169932793177700159e+00,-4.311173311021431198e-01
2.000000000000000000e+00,-2.640503423054797461e-01,-5.878354729832028225e-01
1.000000000000000000e+00,-9.075680681433624386e-01,4.406017515461145839e-01
2.000000000000000000e+00,5.433110210466342016e-01,3.431330775437860803e-01
2.000000000000000000e+00,3.912943309646958467e-01,-3.938399227902127375e-01
1.000000000000000000e+00,-1.398716381433741385e-01,-1.156169314233376433e+00
1.000000000000000000e+00,6.082402534739035360e-01,6.943640215946268457e-01
1.000000000000000000e+00,4.343644397510489363e-01,1.051392176157648795e+00
1.000000000000000000e+00,1.132653908627922590e+00,-8.151355276997952759e-02
1.000000000000000000e+00,7.238280636335412410e-01,5.095580816822709025e-01
1.000000000000000000e+00,-6.229970223488565662e-01,7.501019613800324892e-01
1.000000000000000000e+00,-1.176853845067703075e+00,3.554817927437747827e-02
1.000000000000000000e+00,-6.463104631362578956e-02,-9.833797740448252389e-01
2.000000000000000000e+00,2.314946328990659108e-01,3.522478531305837102e-01
2.000000000000000000e+00,-4.125668674458370377e-01,5.021937576850104001e-01
2.000000000000000000e+00,4.169444356425355824e-01,1.989709234380944436e-01
1.000000000000000000e+00,1.159268155762418262e+00,2.352188574020213085e-01
1.000000000000000000e+00,-6.003414896205799822e-01,-7.563070622570652324e-01
2.000000000000000000e+00,5.438462147394972357e-01,4.825328208807746488e-01
1.000000000000000000e+00,-7.399707295621463787e-01,6.116140083831368424e-01
1.000000000000000000e+00,-1.153836677358095475e+00,3.412388381619340660e-01
1.000000000000000000e+00,8.423535647411357630e-01,-5.086316864345742372e-01
2.000000000000000000e+00,-1.185850370502843781e-01,1.784458095140541989e-01
2.000000000000000000e+00,-6.740241528869732324e-02,-4.728999062433466016e-01
2.000000000000000000e+00,2.720274402690683879e-01,-5.269472327005206846e-01
1.000000000000000000e+00,-1.763211457797378423e-02,1.022209085952886287e+00
2.000000000000000000e+00,1.706497801087925037e-02,-4.553077309849977716e-01
1.000000000000000000e+00,9.375228313654861978e-01,5.185562740030662532e-01
1.000000000000000000e+00,-1.482943897675569889e-01,-9.657528853569938843e-01
2.000000000000000000e+00,-5.285966986323382688e-01,-1.198620623111143479e-02
1.000000000000000000e+00,9.835216246173166255e-01,1.447625273688813996e-01
2.000000000000000000e+00,5.662430249247667469e-01,1.330051516235131182e-01
1.000000000000000000e+00,5.457415606220984428e-01,-9.624866051578119253e-01
1.000000000000000000e+00,4.575638793962442663e-01,8.332889955993262321e-01
1.000000000000000000e+00,2.035541479764460537e-01,1.033081300027621552e+00
1.000000000000000000e+00,-9.501798263176436388e-01,-5.576826689306969842e-02
2.000000000000000000e+00,4.987786554657200333e-01,1.804207980614042084e-02
2.000000000000000000e+00,-4.513949159841532666e-01,7.374849759618082312e-02
1.000000000000000000e+00,7.195933602030120113e-01,7.094123255366366898e-01
2.000000000000000000e+00,-2.260379279119480445e-01,-5.665239806818227475e-01
2.000000000000000000e+00,-4.357656808431348838e-01,-2.924400472173728782e-01
2.000000000000000000e+00,2.275984421695177728e-02,-2.533907985271193208e-01
1.000000000000000000e+00,-1.074198038897120400e+00,-2.872234270885262175e-01
1.000000000000000000e+00,-7.646887989804492802e-01,8.694763670041688597e-01
1.000000000000000000e+00,7.948521964695283160e-01,2.973237999486533917e-02
2.000000000000000000e+00,-4.843397822773562456e-01,-2.743411181225887674e-01
1.000000000000000000e+00,-1.746847795763643574e-01,-8.378425503603414981e-01
2.000000000000000000e+00,3.061997112910652130e-01,3.803991128909538499e-01
1.000000000000000000e+00,-7.828523537879561456e-01,-3.950350845505308794e-01
1.000000000000000000e+00,9.906860525102854087e-01,5.096805259540768684e-01
2.000000000000000000e+00,-3.225243421558360857e-01,4.006700275178172732e-01
1.000000000000000000e+00,-6.707354545189111450e-01,3.878586946926123047e-01
1.000000000000000000e+00,5.249779694909223471e-03,1.044585539383746653e+00
1.000000000000000000e+00,8.283508446440760453e-01,5.754423148190612736e-01
2.000000000000000000e+00,3.860802720360052009e-01,6.896150894996919134e-02
1.000000000000000000e+00,-3.899715661779624143e-01,9.958276010170608039e-01
2.000000000000000000e+00,7.418105903750984442e-01,-1.718257899973334724e-01
2.000000000000000000e+00,-5.380434817992409968e-01,-2.158567199632902556e-01
1.000000000000000000e+00,3.239751040363353374e-01,-9.126125280601049550e-01
2.000000000000000000e+00,-2.117267569987730802e-01,4.295884738390239876e-01
1.000000000000000000e+00,-7.457295755939264970e-01,4.946054292386769524e-01
2.000000000000000000e+00,-2.427385530817780315e-02,4.417634940513902042e-01
2.000000000000000000e+00,-6.628248676728787370e-01,-1.777145992954449749e-01
1.000000000000000000e+00,5.512148132950890345e-01,-6.130020183109184950e-01
2.000000000000000000e+00,-3.023207013739268589e-01,4.480702967784542246e-01
2.000000000000000000e+00,-1.854853970932772989e-01,-6.941234166627386903e-01
1.000000000000000000e+00,-2.943565021240638346e-01,9.911607982027630381e-01
1.000000000000000000e+00,1.126595470202955834e-01,-8.932295128314662325e-01
1.000000000000000000e+00,9.047346471245846233e-01,-3.074867960361529762e-01
2.000000000000000000e+00,4.620310124694834153e-01,-2.156528653866073286e-01
2.000000000000000000e+00,-6.467815703154768947e-01,5.561876266269105695e-02
1.000000000000000000e+00,1.023334626197370589e+00,-1.307476794645630047e-01
1.000000000000000000e+00,7.273182647016811220e-02,-8.585479128711012153e-01
2.000000000000000000e+00,-5.392582479538480245e-01,-3.118597289623331603e-01
1.000000000000000000e+00,-7.946739735506058722e-01,-7.809993036246749565e-01
2.000000000000000000e+00,-3.497011286993745305e-01,1.709189340036493254e-01
1.000000000000000000e+00,-8.569375447418356995e-01,-7.430902263564655996e-01
2.000000000000000000e+00,-4.910527875152157495e-01,1.658377979633447741e-01
2.000000000000000000e+00,4.178636559452650889e-01,2.298885591199262279e-01
1.000000000000000000e+00,8.413852442033041557e-02,8.771693630549494136e-01
2.000000000000000000e+00,1.695558102390296029e-01,6.127576928298208436e-01
1.000000000000000000e+00,-1.752212243089542112e-02,-1.044164292790365378e+00
1.000000000000000000e+00,1.107819730371423894e+00,-2.559184666344096470e-01
1.000000000000000000e+00,-5.815254803845371079e-01,-7.776630554333199274e-01
2.000000000000000000e+00,2.663928572452583521e-01,-4.233805663000998476e-01
1.000000000000000000e+00,-5.748837944368190289e-01,-7.699043001009288067e-01
2.000000000000000000e+00,4.251954403788074099e-01,4.640020570705850889e-02
2.000000000000000000e+00,-2.678126414787750931e-01,-4.969799460436114535e-01
2.000000000000000000e+00,-5.393010394503858773e-01,-3.700499649718922424e-01
1.000000000000000000e+00,-7.674574929823172464e-01,2.442303445192695321e-01
1.000000000000000000e+00,-4.437890654047234040e-01,7.080472936606556633e-01
1.000000000000000000e+00,-4.986837574445419086e-01,9.244827925388982015e-01
1.000000000000000000e+00,-8.780696883312792966e-01,-3.450479876364719312e-01
2.000000000000000000e+00,4.969201405489965251e-01,-9.966195936686350620e-03
1.000000000000000000e+00,9.751546771518195822e-01,-5.510985937851318184e-01
2.000000000000000000e+00,-3.607837415196907260e-01,4.190637937376148203e-01
1.000000000000000000e+00,6.297015497578837273e-01,7.847633281366249713e-01
2.000000000000000000e+00,-3.992746456282818546e-01,-4.970878138200576224e-01
1.000000000000000000e+00,9.833874580953629874e-01,2.963014462365634594e-02
1.000000000000000000e+00,7.621390873839068991e-01,-3.550209699174220468e-01
1.000000000000000000e+00,-1.106094946857155259e+00,-4.683748144025381976e-02
2.000000000000000000e+00,9.907753453034362501e-02,4.284644923320976018e-01
1.000000000000000000e+00,-5.216949569936653042e-01,-8.214860786949585991e-01
2.000000000000000000e+00,-3.579508946893084076e-01,8.064231590790205129e-02
1.000000000000000000e+00,7.539945296521171070e-01,-6.705683838655994711e-01
2.000000000000000000e+00,7.173655445974080891e-02,-5.995472874315378453e-01
2.000000000000000000e+00,5.334244406928879689e-01,-3.915368312599240563e-03
2.000000000000000000e+00,-2.212893119309949919e-01,4.469678476883919283e-01
1.000000000000000000e+00,8.755675108761988845e-01,2.308309779561218134e-01
1.000000000000000000e+00,-1.112362432040415294e+00,3.307636790476556898e-01
2.000000000000000000e+00,-3.967364065136168017e-01,4.220752737953293865e-01
1.000000000000000000e+00,-1.070372777515041562e+00,-4.271303172716314211e-01
2.000000000000000000e+00,3.235163626728363440e-01,2.055024315517707256e-01
1.000000000000000000e+00,3.600868346358234717e-01,-9.751967457798841332e-01
1.000000000000000000e+00,7.393098378616774768e-01,-5.370609184870325237e-01
2.000000000000000000e+00,-7.394790189941624625e-02,-3.920256848436966535e-01
2.000000000000000000e+00,2.184571535819337662e-01,-4.026256084115578116e-01
1.000000000000000000e+00,9.667607265687718776e-01,-2.959043485258101014e-01
2.000000000000000000e+00,1.442296565270097253e-02,-6.374892912580072402e-01
1.000000000000000000e+00,-7.160473840896778297e-01,-6.593486758360920241e-01
1.000000000000000000e+00,-9.797453909572314545e-01,-3.192567699899779843e-01
2.000000000000000000e+00,3.409828161597496798e-01,-4.493299211733547960e-01
1.000000000000000000e+00,9.140456801651730689e-01,6.117294824638132011e-01
1.000000000000000000e+00,2.633065185703897804e-01,-9.633010710711678026e-01
1.000000000000000000e+00,-4.945091952807392777e-01,-9.165745071078305051e-01
1.000000000000000000e+00,1.511451058710567563e-01,9.574976512978390364e-01
1.000000000000000000e+00,-7.743490315266114976e-01,7.248735599450135680e-01
2.000000000000000000e+00,2.580311932747781922e-01,3.824860025240888750e-01
2.000000000000000000e+00,-4.022594008381734088e-01,1.164991058552114489e-02
1.000000000000000000e+00,-9.225836583702954341e-01,5.434963670564717519e-01
1.000000000000000000e+00,1.102563818747010149e+00,-5.774561030790700128e-02
1.000000000000000000e+00,1.872231432156321318e-01,-9.815528800805957133e-01
2.000000000000000000e+00,2.373534595671181746e-01,-4.888099841548296243e-01
2.000000000000000000e+00,-2.867049600112209218e-02,6.542376822189919228e-01
1.000000000000000000e+00,-1.586908657853897398e-01,7.502278231496145589e-01
1.000000000000000000e+00,-2.773009317456787137e-01,-8.990524548380667280e-01
1.000000000000000000e+00,7.515294928685215536e-01,-6.395758959054896886e-01
1.000000000000000000e+00,-9.927235979628031837e-01,-2.986083336805753774e-01
1.000000000000000000e+00,7.199246553297111717e-01,5.588590244344762148e-01
2.000000000000000000e+00,-8.280288113775961800e-02,-6.261971766476502887e-01
2.000000000000000000e+00,-4.334108395020691007e-01,-1.347262839309728011e-01
1.000000000000000000e+00,-6.575895615142751671e-02,9.348468907018067098e-01
1.000000000000000000e+00,7.546527451496110039e-01,-5.455011311788567907e-01
1.000000000000000000e+00,-8.050206864122663175e-01,8.342175701092856555e-01
2.000000000000000000e+00,-1.482618546946409821e-01,-6.796022098622890306e-01
1.000000000000000000e+00,4.100288065459785081e-01,-8.878082674377258954e-01
1.000000000000000000e+00,4.094665420314076432e-01,9.611694449865096912e-01
2.000000000000000000e+00,-2.074999749161615670e-04,5.928457245056687475e-01
2.000000000000000000e+00,5.699804797318639427e-01,2.986221631822211231e-01
2.000000000000000000e+00,4.404211482686181123e-01,1.333797453156366219e-01
2.000000000000000000e+00,-2.742921006903489833e-01,-2.704955986809097768e-01
2.000000000000000000e+00,-3.510031513393689351e-01,1.271191540393818431e-01
1.000000000000000000e+00,4.805989227636334737e-01,8.020747264526647546e-01
1.000000000000000000e+00,2.247740629246337829e-01,1.211653437995135141e+00
1.000000000000000000e+00,6.037712433118685995e-01,-7.262245617778808615e-01
2.000000000000000000e+00,-9.797542530434444341e-02,3.194942522107659943e-01
2.000000000000000000e+00,2.490292782332317323e-01,-2.891899855686483334e-01
2.000000000000000000e+00,1.396610788961761274e-01,-5.481046268530957999e-01
1.000000000000000000e+00,1.011911430308974458e+00,-1.713971171657811821e-02
2.000000000000000000e+00,1.234193775821608163e-01,-5.432182621633429020e-01
2.000000000000000000e+00,1.340227203315997873e-01,5.618773637042189240e-01
1.000000000000000000e+00,-5.123446423841239161e-01,-6.311125844449705369e-01
2.000000000000000000e+00,-1.001132206429398153e-01,4.574220581072832581e-01
2.000000000000000000e+00,-2.379765299018292979e-01,-3.211238516911563701e-01
1.000000000000000000e+00,3.403632801690849308e-02,-9.265244109437631437e-01
2.000000000000000000e+00,-1.736843375228178804e-02,-5.263006577645233941e-01
1.000000000000000000e+00,-8.593364317186794610e-01,1.152050849425645951e-01
1.000000000000000000e+00,4.196858612658372900e-01,8.195916346408894659e-01
2.000000000000000000e+00,5.066875557463410562e-01,2.386385588045636386e-01
2.000000000000000000e+00,3.889950453951884213e-01,-3.100427786499284077e-01
2.000000000000000000e+00,2.863059469235293975e-01,3.836149867134466263e-01
2.000000000000000000e+00,2.876722752224525337e-01,-3.110356837769681637e-01
1.000000000000000000e+00,-1.560694236799570200e-01,1.122358666873787048e+00
2.000000000000000000e+00,-3.290803084442353588e-02,5.455153893765627426e-01
1.000000000000000000e+00,-9.059000918869477559e-01,-5.996061635725270511e-01
1.000000000000000000e+00,-1.028899360899541371e+00,1.027236805625923316e-01
1.000000000000000000e+00,-6.265866408851630265e-01,-7.062858389388552149e-01
2.000000000000000000e+00,-3.220966743184974224e-01,-4.551655317943052448e-01
2.000000000000000000e+00,2.749224346927462981e-01,-5.093747988162256046e-01
2.000000000000000000e+00,-5.342235166033126870e-01,1.626761445281760532e-01
1.000000000000000000e+00,1.105275101262457316e+00,3.548257104537187456e-01
2.000000000000000000e+00,-2.310787166352821775e-01,5.311069545558640970e-01
2.000000000000000000e+00,-2.306130861033011126e-01,-3.710984136814419743e-01
2.000000000000000000e+00,-2.761163228866452268e-01,5.215040158105445078e-01
1.000000000000000000e+00,2.646507982959624417e-01,-1.148447079840145157e+00
1.000000000000000000e+00,-3.426960580097715425e-01,1.091481308871316669e+00
2.000000000000000000e+00,3.008137870957172111e-01,4.804055527145792426e-01
